# MATrix from Conserved Homologous Alignments
# Background (precomputed optional): 0.0664 0.0540 0.0290 0.0350 0.0558 0.0576 0.0795 0.0372 0.0229 0.0216 0.0497 0.0439 0.0501 0.0462 0.0393 0.0446 0.0906 0.0516 0.0619 0.0632 0.0000
# Lambda     (precomputed optional): 0.3217
   A       C       D       E       F       G       H       I       K       L       M       N       P       Q       R       S       T       V       W       Y       X
A 7.3675 1.0501 -6.3176 -5.0738 -6.2830 -2.7199 -1.8487 -8.4960 -11.5647 -6.3138 -2.5010 -8.1285 -8.3584 -8.9395 -6.2725 -4.0283 -2.2741 -4.4947 1.0026 -2.6856 0.0000 
C 1.0501 7.7461 -8.3225 -2.1229 -7.1325 -3.1248 0.1116 -7.7846 -12.2671 -7.8136 -2.0369 -8.1596 -9.6237 -9.3137 -2.0026 -6.0877 -3.4146 -5.9009 -3.1714 -6.0539 0.0000 
D -6.3176 -8.3225 9.3089 -6.2651 -3.2817 -4.3431 -2.9935 -3.4875 -1.0311 -1.2542 -5.5617 -6.5709 -7.6105 -5.4771 -6.4853 -2.9558 -0.5775 -7.1467 -6.7938 -4.0128 0.0000 
E -5.0738 -2.1229 -6.2651 8.0855 -4.7226 -8.8609 -3.0643 -5.8663 -5.1252 -8.1678 -3.5786 -7.1355 -5.1217 -3.6773 -3.6984 -6.8141 -5.1898 -3.7842 -2.1898 -8.3902 0.0000 
F -6.2830 -7.1325 -3.2817 -4.7226 8.1357 -1.8996 -1.0371 -2.3037 -3.0958 -4.5146 -4.9429 -6.5234 -3.6428 -0.9141 -7.7451 0.6536 0.0047 -5.2715 -5.2882 -1.2100 0.0000 
G -2.7199 -3.1248 -4.3431 -8.8609 -1.8996 8.0135 -0.1991 -5.2969 -6.0467 -4.2855 -2.2075 -3.3976 -3.3446 -4.2148 -5.1439 -2.0146 -0.7730 -4.2395 -5.5789 -0.2145 0.0000 
H -1.8487 0.1116 -2.9935 -3.0643 -1.0371 -0.1991 8.2739 -3.7012 -6.7426 -3.2233 -3.5298 -4.7913 -4.5464 -3.5090 -3.9995 0.5328 1.7867 -0.4511 -0.7036 -2.1351 0.0000 
I -8.4960 -7.7846 -3.4875 -5.8663 -2.3037 -5.2969 -3.7012 9.1122 -3.1598 -3.0937 -5.3889 -8.0357 -5.8025 -2.4917 -7.6488 -3.3854 -2.5012 -7.1306 -8.2776 -0.5722 0.0000 
K -11.5647 -12.2671 -1.0311 -5.1252 -3.0958 -6.0467 -6.7426 -3.1598 8.9352 -3.7546 -7.7481 -7.9677 -5.6388 -4.1461 -11.9491 -5.1080 -3.4771 -6.7712 -11.7797 -6.9278 0.0000 
L -6.3138 -7.8136 -1.2542 -8.1678 -4.5146 -4.2855 -3.2233 -3.0937 -3.7546 9.6818 -3.6419 -5.5147 -5.6472 -6.4304 -9.6289 -4.3832 -1.2596 -7.0377 -6.6161 -4.6316 0.0000 
M -2.5010 -2.0369 -5.5617 -3.5786 -4.9429 -2.2075 -3.5298 -5.3889 -7.7481 -3.6419 7.7894 -1.2013 -4.1688 -6.9332 -9.7358 -4.0300 -0.3992 -9.1066 -3.3722 -2.2473 0.0000 
N -8.1285 -8.1596 -6.5709 -7.1355 -6.5234 -3.3976 -4.7913 -8.0357 -7.9677 -5.5147 -1.2013 8.0372 -1.0343 -7.2378 -5.4197 -6.1507 -5.5303 -4.3329 -7.4139 -6.8409 0.0000 
P -8.3584 -9.6237 -7.6105 -5.1217 -3.6428 -3.3446 -4.5464 -5.8025 -5.6388 -5.6472 -4.1688 -1.0343 8.0451 -3.6977 -3.2100 -6.1836 -4.9829 -3.7054 -9.6995 -7.5979 0.0000 
Q -8.9395 -9.3137 -5.4771 -3.6773 -0.9141 -4.2148 -3.5090 -2.4917 -4.1461 -6.4304 -6.9332 -7.2378 -3.6977 8.1408 -5.7847 -3.5184 -1.9256 -3.3060 -9.1153 -4.0379 0.0000 
R -6.2725 -2.0026 -6.4853 -3.6984 -7.7451 -5.1439 -3.9995 -7.6488 -11.9491 -9.6289 -9.7358 -5.4197 -3.2100 -5.7847 7.8839 -7.6953 -11.9242 -1.5197 -5.2015 -10.6701 0.0000 
S -4.0283 -6.0877 -2.9558 -6.8141 0.6536 -2.0146 0.5328 -3.3854 -5.1080 -4.3832 -4.0300 -6.1507 -6.1836 -3.5184 -7.6953 8.6533 0.2974 -3.1910 -2.4438 0.9565 0.0000 
T -2.2741 -3.4146 -0.5775 -5.1898 0.0047 -0.7730 1.7867 -2.5012 -3.4771 -1.2596 -0.3992 -5.5303 -4.9829 -1.9256 -11.9242 0.2974 8.0407 -6.2021 -2.5669 1.1505 0.0000 
V -4.4947 -5.9009 -7.1467 -3.7842 -5.2715 -4.2395 -0.4511 -7.1306 -6.7712 -7.0377 -9.1066 -4.3329 -3.7054 -3.3060 -1.5197 -3.1910 -6.2021 7.9117 -0.6141 -5.7999 0.0000 
W 1.0026 -3.1714 -6.7938 -2.1898 -5.2882 -5.5789 -0.7036 -8.2776 -11.7797 -6.6161 -3.3722 -7.4139 -9.6995 -9.1153 -5.2015 -2.4438 -2.5669 -0.6141 7.3653 -2.5480 0.0000 
Y -2.6856 -6.0539 -4.0128 -8.3902 -1.2100 -0.2145 -2.1351 -0.5722 -6.9278 -4.6316 -2.2473 -6.8409 -7.5979 -4.0379 -10.6701 0.9565 1.1505 -5.7999 -2.5480 8.1780 0.0000 
X 0.0000 0.0000 0.0000 0.0000 0.0000 0.0000 0.0000 0.0000 0.0000 0.0000 0.0000 0.0000 0.0000 0.0000 0.0000 0.0000 0.0000 0.0000 0.0000 0.0000 0.0000 
